100 5 25 10
5 clients:
77
81
96
94
7
25 candidate facilities:
0
2
5
8
14
15
17
18
24
34
38
43
45
49
50
55
58
59
64
79
83
87
91
92
97
10 constraints between facilities and clients:
0 1
1 2
2 2
3 2
4 1
5 1
6 1
7 1
8 0
9 0
45 constraints between facilities:
0 1 0
0 2 2
0 3 5
0 4 6
0 5 0
0 6 2
0 7 2
0 8 1
0 9 3
1 2 6
1 3 4
1 4 5
1 5 5
1 6 3
1 7 6
1 8 3
1 9 5
2 3 3
2 4 4
2 5 1
2 6 0
2 7 2
2 8 5
2 9 5
3 4 2
3 5 1
3 6 0
3 7 4
3 8 4
3 9 5
4 5 0
4 6 1
4 7 1
4 8 4
4 9 0
5 6 5
5 7 3
5 8 6
5 9 5
6 7 2
6 8 6
6 9 4
7 8 0
7 9 5
8 9 0
600 shortest paths and Euclidean distances between candidate facilities:
0 2 2 2.000000
0 5 5 5.000000
0 8 8 8.000000
0 14 5 4.123106
0 15 6 5.099020
0 17 8 7.071068
0 18 9 8.062258
0 24 6 4.472136
0 34 7 5.000000
0 38 11 8.544004
0 43 7 5.000000
0 45 9 6.403124
0 49 13 9.848858
0 50 5 5.000000
0 55 10 7.071068
0 58 13 9.433981
0 59 14 10.295630
0 64 10 7.211103
0 79 16 11.401754
0 83 11 8.544004
0 87 15 10.630146
0 91 10 9.055385
0 92 11 9.219544
0 97 16 11.401754
2 0 2 2.000000
2 5 3 3.000000
2 8 6 6.000000
2 14 3 2.236068
2 15 4 3.162278
2 17 6 5.099020
2 18 7 6.082763
2 24 4 2.828427
2 34 5 3.605551
2 38 9 6.708204
2 43 5 4.123106
2 45 7 5.000000
2 49 11 8.062258
2 50 7 5.385165
2 55 8 5.830952
2 58 11 7.810250
2 59 12 8.602325
2 64 8 6.324555
2 79 14 9.899495
2 83 9 8.062258
2 87 13 9.433981
2 91 10 9.055385
2 92 9 9.000000
2 97 14 10.295630
5 0 5 5.000000
5 2 3 3.000000
5 8 3 3.000000
5 14 2 1.414214
5 15 1 1.000000
5 17 3 2.236068
5 18 4 3.162278
5 24 3 2.236068
5 34 4 3.162278
5 38 6 4.242641
5 43 6 4.472136
5 45 4 4.000000
5 49 8 5.656854
5 50 10 7.071068
5 55 5 5.000000
5 58 8 5.830952
5 59 9 6.403124
5 64 7 6.082763
5 79 11 8.062258
5 83 10 8.246211
5 87 10 8.246211
5 91 13 9.848858
5 92 12 9.486833
5 97 11 9.219544
8 0 8 8.000000
8 2 6 6.000000
8 5 3 3.000000
8 14 5 4.123106
8 15 4 3.162278
8 17 2 1.414214
8 18 1 1.000000
8 24 6 4.472136
8 34 7 5.000000
8 38 3 3.000000
8 43 9 6.403124
8 45 7 5.000000
8 49 5 4.123106
8 50 13 9.433981
8 55 8 5.830952
8 58 5 5.000000
8 59 6 5.099020
8 64 10 7.211103
8 79 8 7.071068
8 83 13 9.433981
8 87 9 8.062258
8 91 16 11.401754
8 92 15 10.816654
8 97 10 9.055385
14 0 5 4.123106
14 2 3 2.236068
14 5 2 1.414214
14 8 5 4.123106
14 15 1 1.000000
14 17 3 3.000000
14 18 4 4.000000
14 24 1 1.000000
14 34 2 2.000000
14 38 6 4.472136
14 43 4 3.162278
14 45 4 3.162278
14 49 8 5.830952
14 50 8 5.656854
14 55 5 4.123106
14 58 8 5.656854
14 59 9 6.403124
14 64 5 5.000000
14 79 11 7.810250
14 83 8 7.071068
14 87 10 7.615773
14 91 11 8.544004
14 92 10 8.246211
14 97 11 8.544004
15 0 6 5.099020
15 2 4 3.162278
15 5 1 1.000000
15 8 4 3.162278
15 14 1 1.000000
15 17 2 2.000000
15 18 3 3.000000
15 24 2 1.414214
15 34 3 2.236068
15 38 5 3.605551
15 43 5 3.605551
15 45 3 3.000000
15 49 7 5.000000
15 50 9 6.403124
15 55 4 4.000000
15 58 7 5.000000
15 59 8 5.656854
15 64 6 5.099020
15 79 10 7.211103
15 83 9 7.280110
15 87 9 7.280110
15 91 12 8.944272
15 92 11 8.544004
15 97 10 8.246211
17 0 8 7.071068
17 2 6 5.099020
17 5 3 2.236068
17 8 2 1.414214
17 14 3 3.000000
17 15 2 2.000000
17 18 1 1.000000
17 24 4 3.162278
17 34 5 3.605551
17 38 3 2.236068
17 43 7 5.000000
17 45 5 3.605551
17 49 5 3.605551
17 50 11 8.062258
17 55 6 4.472136
17 58 5 4.123106
17 59 6 4.472136
17 64 8 5.830952
17 79 8 6.324555
17 83 11 8.062258
17 87 7 7.000000
17 91 14 10.000000
17 92 13 9.433981
17 97 8 8.000000
18 0 9 8.062258
18 2 7 6.082763
18 5 4 3.162278
18 8 1 1.000000
18 14 4 4.000000
18 15 3 3.000000
18 17 1 1.000000
18 24 5 4.123106
18 34 6 4.472136
18 38 2 2.000000
18 43 8 5.830952
18 45 6 4.242641
18 49 4 3.162278
18 50 12 8.944272
18 55 7 5.000000
18 58 4 4.000000
18 59 5 4.123106
18 64 9 6.403124
18 79 7 6.082763
18 83 12 8.602325
18 87 8 7.071068
18 91 15 10.630146
18 92 14 10.000000
18 97 9 8.062258
24 0 6 4.472136
24 2 4 2.828427
24 5 3 2.236068
24 8 6 4.472136
24 14 1 1.000000
24 15 2 1.414214
24 17 4 3.162278
24 18 5 4.123106
24 34 1 1.000000
24 38 5 4.123106
24 43 3 2.236068
24 45 3 2.236068
24 49 7 5.385165
24 50 7 5.000000
24 55 4 3.162278
24 58 7 5.000000
24 59 8 5.830952
24 64 4 4.000000
24 79 10 7.071068
24 83 7 6.082763
24 87 9 6.708204
24 91 10 7.615773
24 92 9 7.280110
24 97 10 7.615773
34 0 7 5.000000
34 2 5 3.605551
34 5 4 3.162278
34 8 7 5.000000
34 14 2 2.000000
34 15 3 2.236068
34 17 5 3.605551
34 18 6 4.472136
34 24 1 1.000000
34 38 4 4.000000
34 43 2 1.414214
34 45 2 1.414214
34 49 6 5.099020
34 50 6 4.472136
34 55 3 2.236068
34 58 6 4.472136
34 59 7 5.385165
34 64 3 3.000000
34 79 9 6.403124
34 83 6 5.099020
34 87 8 5.830952
34 91 9 6.708204
34 92 8 6.324555
34 97 9 6.708204
38 0 11 8.544004
38 2 9 6.708204
38 5 6 4.242641
38 8 3 3.000000
38 14 6 4.472136
38 15 5 3.605551
38 17 3 2.236068
38 18 2 2.000000
38 24 5 4.123106
38 34 4 4.000000
38 43 6 5.099020
38 45 4 3.162278
38 49 2 1.414214
38 50 10 8.246211
38 55 5 3.605551
38 58 2 2.000000
38 59 3 2.236068
38 64 7 5.000000
38 79 5 4.123106
38 83 10 7.071068
38 87 6 5.099020
38 91 13 9.219544
38 92 12 8.485281
38 97 7 6.082763
43 0 7 5.000000
43 2 5 4.123106
43 5 6 4.472136
43 8 9 6.403124
43 14 4 3.162278
43 15 5 3.605551
43 17 7 5.000000
43 18 8 5.830952
43 24 3 2.236068
43 34 2 1.414214
43 38 6 5.099020
43 45 2 2.000000
43 49 6 6.000000
43 50 4 3.162278
43 55 3 2.236068
43 58 6 5.099020
43 59 7 6.082763
43 64 3 2.236068
43 79 9 6.708204
43 83 4 4.000000
43 87 8 5.656854
43 91 7 5.385165
43 92 6 5.099020
43 97 9 6.403124
45 0 9 6.403124
45 2 7 5.000000
45 5 4 4.000000
45 8 7 5.000000
45 14 4 3.162278
45 15 3 3.000000
45 17 5 3.605551
45 18 6 4.242641
45 24 3 2.236068
45 34 2 1.414214
45 38 4 3.162278
45 43 2 2.000000
45 49 4 4.000000
45 50 6 5.099020
45 55 1 1.000000
45 58 4 3.162278
45 59 5 4.123106
45 64 3 2.236068
45 79 7 5.000000
45 83 6 4.472136
45 87 6 4.472136
45 91 9 6.403124
45 92 8 5.830952
45 97 7 5.385165
49 0 13 9.848858
49 2 11 8.062258
49 5 8 5.656854
49 8 5 4.123106
49 14 8 5.830952
49 15 7 5.000000
49 17 5 3.605551
49 18 4 3.162278
49 24 7 5.385165
49 34 6 5.099020
49 38 2 1.414214
49 43 6 6.000000
49 45 4 4.000000
49 50 10 9.055385
49 55 5 4.123106
49 58 2 1.414214
49 59 1 1.000000
49 64 7 5.385165
49 79 3 3.000000
49 83 10 7.211103
49 87 6 4.472136
49 91 13 9.433981
49 92 12 8.602325
49 97 7 5.385165
50 0 5 5.000000
50 2 7 5.385165
50 5 10 7.071068
50 8 13 9.433981
50 14 8 5.656854
50 15 9 6.403124
50 17 11 8.062258
50 18 12 8.944272
50 24 7 5.000000
50 34 6 4.472136
50 38 10 8.246211
50 43 4 3.162278
50 45 6 5.099020
50 49 10 9.055385
50 55 5 5.000000
50 58 8 8.000000
50 59 9 9.000000
50 64 5 4.123106
50 79 11 9.219544
50 83 6 4.242641
50 87 10 7.615773
50 91 5 4.123106
50 92 6 4.472136
50 97 11 8.062258
55 0 10 7.071068
55 2 8 5.830952
55 5 5 5.000000
55 8 8 5.830952
55 14 5 4.123106
55 15 4 4.000000
55 17 6 4.472136
55 18 7 5.000000
55 24 4 3.162278
55 34 3 2.236068
55 38 5 3.605551
55 43 3 2.236068
55 45 1 1.000000
55 49 5 4.123106
55 50 5 5.000000
55 58 3 3.000000
55 59 4 4.000000
55 64 2 1.414214
55 79 6 4.472136
55 83 5 3.605551
55 87 5 3.605551
55 91 8 5.656854
55 92 7 5.000000
55 97 6 4.472136
58 0 13 9.433981
58 2 11 7.810250
58 5 8 5.830952
58 8 5 5.000000
58 14 8 5.656854
58 15 7 5.000000
58 17 5 4.123106
58 18 4 4.000000
58 24 7 5.000000
58 34 6 4.472136
58 38 2 2.000000
58 43 6 5.099020
58 45 4 3.162278
58 49 2 1.414214
58 50 8 8.000000
58 55 3 3.000000
58 59 1 1.000000
58 64 5 4.123106
58 79 3 2.236068
58 83 8 5.830952
58 87 4 3.162278
58 91 11 8.062258
58 92 10 7.211103
58 97 5 4.123106
59 0 14 10.295630
59 2 12 8.602325
59 5 9 6.403124
59 8 6 5.099020
59 14 9 6.403124
59 15 8 5.656854
59 17 6 4.472136
59 18 5 4.123106
59 24 8 5.830952
59 34 7 5.385165
59 38 3 2.236068
59 43 7 6.082763
59 45 5 4.123106
59 49 1 1.000000
59 50 9 9.000000
59 55 4 4.000000
59 58 1 1.000000
59 64 6 5.099020
59 79 2 2.000000
59 83 9 6.708204
59 87 5 3.605551
59 91 12 8.944272
59 92 11 8.062258
59 97 6 4.472136
64 0 10 7.211103
64 2 8 6.324555
64 5 7 6.082763
64 8 10 7.211103
64 14 5 5.000000
64 15 6 5.099020
64 17 8 5.830952
64 18 9 6.403124
64 24 4 4.000000
64 34 3 3.000000
64 38 7 5.000000
64 43 3 2.236068
64 45 3 2.236068
64 49 7 5.385165
64 50 5 4.123106
64 55 2 1.414214
64 58 5 4.123106
64 59 6 5.099020
64 79 6 5.099020
64 83 3 2.236068
64 87 5 3.605551
64 91 6 4.242641
64 92 5 3.605551
64 97 6 4.242641
79 0 16 11.401754
79 2 14 9.899495
79 5 11 8.062258
79 8 8 7.071068
79 14 11 7.810250
79 15 10 7.211103
79 17 8 6.324555
79 18 7 6.082763
79 24 10 7.071068
79 34 9 6.403124
79 38 5 4.123106
79 43 9 6.708204
79 45 7 5.000000
79 49 3 3.000000
79 50 11 9.219544
79 55 6 4.472136
79 58 3 2.236068
79 59 2 2.000000
79 64 6 5.099020
79 83 7 6.082763
79 87 3 2.236068
79 91 10 8.246211
79 92 9 7.280110
79 97 4 2.828427
83 0 11 8.544004
83 2 9 8.062258
83 5 10 8.246211
83 8 13 9.433981
83 14 8 7.071068
83 15 9 7.280110
83 17 11 8.062258
83 18 12 8.602325
83 24 7 6.082763
83 34 6 5.099020
83 38 10 7.071068
83 43 4 4.000000
83 45 6 4.472136
83 49 10 7.211103
83 50 6 4.242641
83 55 5 3.605551
83 58 8 5.830952
83 59 9 6.708204
83 64 3 2.236068
83 79 7 6.082763
83 87 4 4.000000
83 91 3 2.236068
83 92 2 1.414214
83 97 5 4.123106
87 0 15 10.630146
87 2 13 9.433981
87 5 10 8.246211
87 8 9 8.062258
87 14 10 7.615773
87 15 9 7.280110
87 17 7 7.000000
87 18 8 7.071068
87 24 9 6.708204
87 34 8 5.830952
87 38 6 5.099020
87 43 8 5.656854
87 45 6 4.472136
87 49 6 4.472136
87 50 10 7.615773
87 55 5 3.605551
87 58 4 3.162278
87 59 5 3.605551
87 64 5 3.605551
87 79 3 2.236068
87 83 4 4.000000
87 91 7 6.082763
87 92 6 5.099020
87 97 1 1.000000
91 0 10 9.055385
91 2 10 9.055385
91 5 13 9.848858
91 8 16 11.401754
91 14 11 8.544004
91 15 12 8.944272
91 17 14 10.000000
91 18 15 10.630146
91 24 10 7.615773
91 34 9 6.708204
91 38 13 9.219544
91 43 7 5.385165
91 45 9 6.403124
91 49 13 9.433981
91 50 5 4.123106
91 55 8 5.656854
91 58 11 8.062258
91 59 12 8.944272
91 64 6 4.242641
91 79 10 8.246211
91 83 3 2.236068
91 87 7 6.082763
91 92 1 1.000000
91 97 6 6.000000
92 0 11 9.219544
92 2 9 9.000000
92 5 12 9.486833
92 8 15 10.816654
92 14 10 8.246211
92 15 11 8.544004
92 17 13 9.433981
92 18 14 10.000000
92 24 9 7.280110
92 34 8 6.324555
92 38 12 8.485281
92 43 6 5.099020
92 45 8 5.830952
92 49 12 8.602325
92 50 6 4.472136
92 55 7 5.000000
92 58 10 7.211103
92 59 11 8.062258
92 64 5 3.605551
92 79 9 7.280110
92 83 2 1.414214
92 87 6 5.099020
92 91 1 1.000000
92 97 5 5.000000
97 0 16 11.401754
97 2 14 10.295630
97 5 11 9.219544
97 8 10 9.055385
97 14 11 8.544004
97 15 10 8.246211
97 17 8 8.000000
97 18 9 8.062258
97 24 10 7.615773
97 34 9 6.708204
97 38 7 6.082763
97 43 9 6.403124
97 45 7 5.385165
97 49 7 5.385165
97 50 11 8.062258
97 55 6 4.472136
97 58 5 4.123106
97 59 6 4.472136
97 64 6 4.242641
97 79 4 2.828427
97 83 5 4.123106
97 87 1 1.000000
97 91 6 6.000000
97 92 5 5.000000
125 shortest paths and Euclidean distances between clients and candidate facilities:
7 0 7 7.000000
7 2 5 5.000000
7 5 2 2.000000
7 8 1 1.000000
7 14 4 3.162278
7 15 3 2.236068
7 17 1 1.000000
7 18 2 1.414214
7 24 5 3.605551
7 34 6 4.242641
7 38 4 3.162278
7 43 8 5.656854
7 45 6 4.472136
7 49 6 4.472136
7 50 12 8.602325
7 55 7 5.385165
7 58 6 5.099020
7 59 7 5.385165
7 64 9 6.708204
7 79 9 7.280110
7 83 12 8.944272
7 87 8 8.000000
7 91 15 10.816654
7 92 14 10.295630
7 97 9 9.000000
77 0 14 9.899495
77 2 12 8.602325
77 5 9 7.280110
77 8 8 7.071068
77 14 9 6.708204
77 15 8 6.324555
77 17 6 6.000000
77 18 7 6.082763
77 24 8 5.830952
77 34 7 5.000000
77 38 5 4.123106
77 43 7 5.000000
77 45 5 3.605551
77 49 5 3.605551
77 50 9 7.280110
77 55 4 2.828427
77 58 3 2.236068
77 59 4 2.828427
77 64 4 3.162278
77 79 2 2.000000
77 83 5 4.123106
77 87 1 1.000000
77 91 8 6.324555
77 92 7 5.385165
77 97 2 2.000000
81 0 9 8.062258
81 2 9 8.062258
81 5 12 8.944272
81 8 15 10.630146
81 14 10 7.615773
81 15 11 8.062258
81 17 13 9.219544
81 18 14 9.899495
81 24 9 6.708204
81 34 8 5.830952
81 38 12 8.602325
81 43 6 4.472136
81 45 8 5.656854
81 49 12 8.944272
81 50 4 3.162278
81 55 7 5.000000
81 58 10 7.615773
81 59 11 8.544004
81 64 5 3.605551
81 79 9 8.062258
81 83 2 2.000000
81 87 6 6.000000
81 91 1 1.000000
81 92 2 1.414214
81 97 7 6.082763
94 0 13 9.848858
94 2 11 9.219544
94 5 10 9.055385
94 8 13 9.848858
94 14 8 8.000000
94 15 9 8.062258
94 17 11 8.544004
94 18 12 8.944272
94 24 7 7.000000
94 34 6 6.000000
94 38 10 7.211103
94 43 6 5.099020
94 45 6 5.099020
94 49 10 7.071068
94 50 8 5.656854
94 55 5 4.123106
94 58 8 5.656854
94 59 9 6.403124
94 64 3 3.000000
94 79 7 5.385165
94 83 2 1.414214
94 87 4 3.162278
94 91 3 3.000000
94 92 2 2.000000
94 97 3 3.000000
96 0 15 10.816654
96 2 13 9.848858
96 5 10 9.055385
96 8 11 9.219544
96 14 10 8.246211
96 15 9 8.062258
96 17 9 8.062258
96 18 10 8.246211
96 24 9 7.280110
96 34 8 6.324555
96 38 8 6.324555
96 43 8 5.830952
96 45 6 5.099020
96 49 8 5.830952
96 50 10 7.211103
96 55 5 4.123106
96 58 6 4.472136
96 59 7 5.000000
96 64 5 3.605551
96 79 5 3.605551
96 83 4 3.162278
96 87 2 1.414214
96 91 5 5.000000
96 92 4 4.000000
96 97 1 1.000000